usbpro HID helper started:
=============================
Debug: bus_num[1], dev_num[17], driver[usbhid]
Usage Page (Desktop),               ; Generic desktop controls (01h)
Usage (Keyboard),                   ; Keyboard (06h, application collection)
Collection (Application),
    Usage Page (Keyboard),          ; Keyboard/keypad (07h)
    Usage Minimum (KB Leftcontrol), ; Keyboard left control (E0h, dynamic value)
    Usage Maximum (KB Right GUI),   ; Keyboard right GUI (E7h, dynamic value)
    Logical Minimum (0),
    Logical Maximum (1),
    Report Size (1),
    Report Count (8),
    Input (Variable),
    Input (Constant),
    Usage Minimum (None),           ; No event (00h, selector)
    Usage Maximum (KB Application), ; Keyboard Application (65h, selector)
    Logical Minimum (0),
    Logical Maximum (101),
    Report Size (8),
    Report Count (6),
    Input,
    Usage Page (LED),               ; LEDs (08h)
    Usage Minimum (01h),
    Usage Maximum (05h),
    Logical Minimum (0),
    Logical Maximum (1),
    Report Size (1),
    Report Count (5),
    Output (Variable),
    Report Count (3),
    Output (Constant),
End Collection
-------------------------------
001:017:000:DESCRIPTOR         1432152631.703270
 05 01 09 06 A1 01 05 07 19 E0 29 E7 15 00 25 01
 75 01 95 08 81 02 81 01 19 00 29 65 15 00 25 65
 75 08 95 06 81 00 05 08 19 01 29 05 15 00 25 01
 75 01 95 05 91 02 95 03 91 01 C0

001:017:000:STREAM             1432152632.961764
 04 00 00 00 00 00 00 00

001:017:000:STREAM             1432152632.967886
 04 00 3B 00 00 00 00 00

001:017:000:STREAM             1432152632.981368
 04 00 00 00 00 00 00 00

001:017:000:STREAM             1432152632.986292
 00 00 00 00 00 00 00 00

001:017:000:STREAM             1432152633.975569
 00 00 1B 00 00 00 00 00

001:017:000:STREAM             1432152633.981606
 00 00 00 00 00 00 00 00

001:017:000:STREAM             1432152633.987695
 00 00 17 00 00 00 00 00

001:017:000:STREAM             1432152633.993837
 00 00 00 00 00 00 00 00

001:017:000:STREAM             1432152633.999875
 00 00 08 00 00 00 00 00

001:017:000:STREAM             1432152634.005972
 00 00 15 00 00 00 00 00

001:017:000:STREAM             1432152634.012069
 00 00 10 00 00 00 00 00

001:017:000:STREAM             1432152634.018220
 00 00 00 00 00 00 00 00

001:017:000:STREAM             1432152635.009952
 00 00 28 00 00 00 00 00

001:017:000:STREAM             1432152635.015972
 00 00 00 00 00 00 00 00

001:017:000:STREAM             1432152636.522279
 00 00 13 00 00 00 00 00

001:017:000:STREAM             1432152636.528253
 00 00 00 00 00 00 00 00

001:017:000:STREAM             1432152636.534332
 00 00 1A 00 00 00 00 00

001:017:000:STREAM             1432152636.539406
 00 00 00 00 00 00 00 00

001:017:000:STREAM             1432152636.543470
 00 00 07 00 00 00 00 00

001:017:000:STREAM             1432152636.547529
 00 00 00 00 00 00 00 00

001:017:000:STREAM             1432152637.544288
 00 00 28 00 00 00 00 00

001:017:000:STREAM             1432152637.550285
 00 00 00 00 00 00 00 00

001:017:000:STREAM             1432152638.153806
 00 00 0C 00 00 00 00 00

001:017:000:STREAM             1432152638.159859
 00 00 00 00 00 00 00 00

001:017:000:STREAM             1432152638.165940
 00 00 07 00 00 00 00 00

001:017:000:STREAM             1432152638.172033
 00 00 00 00 00 00 00 00

001:017:000:STREAM             1432152638.770026
 00 00 28 00 00 00 00 00

001:017:000:STREAM             1432152638.776025
 00 00 00 00 00 00 00 00

001:017:000:STREAM             1432152639.780434
 00 00 06 00 00 00 00 00

001:017:000:STREAM             1432152639.786400
 00 00 00 00 00 00 00 00

001:017:000:STREAM             1432152639.789432
 00 00 04 00 00 00 00 00

001:017:000:STREAM             1432152639.793500
 00 00 00 00 00 00 00 00

001:017:000:STREAM             1432152639.797580
 00 00 17 00 00 00 00 00

001:017:000:STREAM             1432152639.803638
 00 00 00 00 00 00 00 00

001:017:000:STREAM             1432152639.809733
 00 00 2C 00 00 00 00 00

001:017:000:STREAM             1432152639.815797
 00 00 38 00 00 00 00 00

001:017:000:STREAM             1432152639.821884
 00 00 08 00 00 00 00 00

001:017:000:STREAM             1432152639.827961
 00 00 17 00 00 00 00 00

001:017:000:STREAM             1432152639.834057
 00 00 06 00 00 00 00 00

001:017:000:STREAM             1432152639.840126
 00 00 38 00 00 00 00 00

001:017:000:STREAM             1432152639.846216
 00 00 13 00 00 00 00 00

001:017:000:STREAM             1432152639.852291
 00 00 04 00 00 00 00 00

001:017:000:STREAM             1432152639.858374
 00 00 16 00 00 00 00 00

001:017:000:STREAM             1432152639.863442
 00 00 16 00 00 00 00 00

001:017:000:STREAM             1432152639.867510
 00 00 1A 00 00 00 00 00

001:017:000:STREAM             1432152639.871558
 00 00 07 00 00 00 00 00

001:017:000:STREAM             1432152639.877690
 00 00 00 00 00 00 00 00

001:017:000:STREAM             1432152640.873807
 00 00 28 00 00 00 00 00

001:017:000:STREAM             1432152640.880273
 00 00 00 00 00 00 00 00

