usbpro HID helper started:
=============================
Debug: bus_num[1], dev_num[16], driver[usbhid]
Usage Page (Desktop),               ; Generic desktop controls (01h)
Usage (Keyboard),                   ; Keyboard (06h, application collection)
Collection (Application),
    Usage Page (Keyboard),          ; Keyboard/keypad (07h)
    Usage Minimum (KB Leftcontrol), ; Keyboard left control (E0h, dynamic value)
    Usage Maximum (KB Right GUI),   ; Keyboard right GUI (E7h, dynamic value)
    Logical Minimum (0),
    Logical Maximum (1),
    Report Size (1),
    Report Count (8),
    Input (Variable),
    Input (Constant),
    Usage Minimum (None),           ; No event (00h, selector)
    Usage Maximum (KB Application), ; Keyboard Application (65h, selector)
    Logical Minimum (0),
    Logical Maximum (101),
    Report Size (8),
    Report Count (6),
    Input,
    Usage Page (LED),               ; LEDs (08h)
    Usage Minimum (01h),
    Usage Maximum (05h),
    Logical Minimum (0),
    Logical Maximum (1),
    Report Size (1),
    Report Count (5),
    Output (Variable),
    Report Count (3),
    Output (Constant),
End Collection
-------------------------------
001:016:000:DESCRIPTOR         1432139360.792184
 05 01 09 06 A1 01 05 07 19 E0 29 E7 15 00 25 01
 75 01 95 08 81 02 81 01 19 00 29 65 15 00 25 65
 75 08 95 06 81 00 05 08 19 01 29 05 15 00 25 01
 75 01 95 05 91 02 95 03 91 01 C0

001:016:000:STREAM             1432139363.240962
 04 00 00 00 00 00 00 00

001:016:000:STREAM             1432139363.247002
 04 00 3B 00 00 00 00 00

001:016:000:STREAM             1432139363.253073
 04 00 00 00 00 00 00 00

001:016:000:STREAM             1432139363.259149
 00 00 00 00 00 00 00 00

001:016:000:STREAM             1432139364.254891
 00 00 1B 00 00 00 00 00

001:016:000:STREAM             1432139364.260823
 00 00 00 00 00 00 00 00

001:016:000:STREAM             1432139364.266910
 00 00 17 00 00 00 00 00

001:016:000:STREAM             1432139364.272989
 00 00 00 00 00 00 00 00

001:016:000:STREAM             1432139364.279083
 00 00 08 00 00 00 00 00

001:016:000:STREAM             1432139364.285170
 00 00 15 00 00 00 00 00

001:016:000:STREAM             1432139364.291249
 00 00 10 00 00 00 00 00

001:016:000:STREAM             1432139364.297330
 00 00 00 00 00 00 00 00

001:016:000:STREAM             1432139365.289298
 00 00 28 00 00 00 00 00

001:016:000:STREAM             1432139365.295231
 00 00 00 00 00 00 00 00

001:016:000:STREAM             1432139366.801067
 00 00 13 00 00 00 00 00

001:016:000:STREAM             1432139366.807083
 00 00 00 00 00 00 00 00

001:016:000:STREAM             1432139366.813167
 00 00 1A 00 00 00 00 00

001:016:000:STREAM             1432139366.819229
 00 00 00 00 00 00 00 00

001:016:000:STREAM             1432139366.825316
 00 00 07 00 00 00 00 00

001:016:000:STREAM             1432139366.831395
 00 00 00 00 00 00 00 00

001:016:000:STREAM             1432139367.823278
 00 00 28 00 00 00 00 00

001:016:000:STREAM             1432139367.829317
 00 00 00 00 00 00 00 00

001:016:000:STREAM             1432139368.433008
 00 00 0C 00 00 00 00 00

001:016:000:STREAM             1432139368.439034
 00 00 00 00 00 00 00 00

001:016:000:STREAM             1432139368.445282
 00 00 07 00 00 00 00 00

001:016:000:STREAM             1432139368.451360
 00 00 00 00 00 00 00 00

001:016:000:STREAM             1432139369.049605
 00 00 28 00 00 00 00 00

001:016:000:STREAM             1432139369.055555
 00 00 00 00 00 00 00 00

001:016:000:STREAM             1432139370.059554
 00 00 06 00 00 00 00 00

001:016:000:STREAM             1432139370.065564
 00 00 00 00 00 00 00 00

001:016:000:STREAM             1432139370.069618
 00 00 04 00 00 00 00 00

001:016:000:STREAM             1432139370.074672
 00 00 00 00 00 00 00 00

001:016:000:STREAM             1432139370.080774
 00 00 17 00 00 00 00 00

001:016:000:STREAM             1432139370.086853
 00 00 00 00 00 00 00 00

001:016:000:STREAM             1432139370.092925
 00 00 00 00 00 00 00 00

001:016:000:STREAM             1432139370.099004
 00 00 00 00 00 00 00 00

001:016:000:STREAM             1432139370.105089
 00 00 00 00 00 00 00 00

001:016:000:STREAM             1432139370.111166
 00 00 00 00 00 00 00 00

001:016:000:STREAM             1432139370.117258
 00 00 00 00 00 00 00 00

001:016:000:STREAM             1432139370.123357
 00 00 00 00 00 00 00 00

001:016:000:STREAM             1432139370.129432
 00 00 00 00 00 00 00 00

001:016:000:STREAM             1432139370.135514
 00 00 00 00 00 00 00 00

001:016:000:STREAM             1432139370.141599
 00 00 00 00 00 00 00 00

001:016:000:STREAM             1432139370.146685
 00 00 00 00 00 00 00 00

001:016:000:STREAM             1432139370.152765
 00 00 00 00 00 00 00 00

001:016:000:STREAM             1432139370.158854
 00 00 00 00 00 00 00 00

001:016:000:STREAM             1432139371.153572
 00 00 28 00 00 00 00 00

001:016:000:STREAM             1432139371.159468
 00 00 00 00 00 00 00 00

